Time	/fdm/jsbsim/simulation/sim-time-sec	/fdm/jsbsim/position/h-sl-ft	/fdm/jsbsim/fcs/yaw-cmd-norm	/fdm/jsbsim/fcs/side-force-cmd
0	0	1.0000000037252903	0	0
0.5	0.500000000000000666	213.496906071901321	0	0
1	0.99999999999999889	417.97466005012393	0	0
1.5	1.49999999999999711	614.433878812938929	0	0
2	1.99999999999999534	802.87497341260314	0	0
2.5	2.49999999999999378	983.298335939645767	0	0
3	2.99999999999999201	1155.7043398655951	0	0
3.5	3.49999999999999023	1320.09334044158459	0	0
4	3.99999999999998845	1476.46567510068417	0	0
4.5	4.50000000000001332	1624.82166382670403	0	0
5	5.00000000000003819	1765.16160943731666	0	0
5.5	5.50000000000006306	1897.48579805716872	0	0
6	6.00000000000008793	2021.79449938982725	0	0
6.5	6.5000000000001128	2138.08796709030867	0	0
7	7.00000000000013767	2246.36643917113543	0	0
7.5	7.50000000000016254	2346.63013837859035	0	0
8	8.00000000000018652	2438.87927250564098	0	0
8.5	8.5000000000001581	2523.11403499543667	0	0
9	9.00000000000012967	2599.33460516482592	0	0
9.5	9.50000000000010125	2667.54114885628223	0	0
10	10.0000000000000728	2727.73381888866425	0	0
10.5	10.5000000000000444	2779.91275562345982	0	0
11	11.000000000000016	2824.07808759063482	0	0
11.5	11.4999999999999876	2860.22993221879005	0	0
12	11.9999999999999591	2888.36839637160301	0	0
12.5	12.4999999999999307	2908.49357738345861	0	0
13	12.9999999999999023	2920.60556373372674	0	0
13.5	13.4999999999998739	2924.70443592965603	0	0
14	13.9999999999998455	2920.79026744514704	0	0
14.5	14.499999999999817	2908.8631255403161	0	0
15	14.9999999999997886	2888.92307232320309	0	0
15.5	15.4999999999997602	2860.97016551718116	0	0
16	15.9999999999997318	2825.00445942953229	0	0
16.5	16.4999999999997051	2781.02600567415357	0	0
17	16.9999999999996767	2729.0348540507257	0	0
17.5	17.4999999999996483	2669.03105323389173	0	0
18	17.9999999999996199	2601.01465138420463	0	0
18.5	18.4999999999995914	2524.98569690436125	0	0
19	18.999999999999563	2440.94423884153366	0	0
19.5	19.4999999999995346	2348.89032755047083	0	0
20	19.9999999999995062	2248.82401509210467	0	0
20.5	20.4999999999994778	2140.74535570666194	0	0
21	20.9999999999994493	2024.65440620854497	0	0
21.5	21.4999999999994209	1900.55122642219067	0	0
22	21.9999999999993925	1768.43587952107191	0	0
22.5	22.4999999999993641	1628.30843244865537	0	0
23	22.9999999999993356	1480.16895617544651	0	0
23.5	23.4999999999993072	1324.01752621680498	0	0
24	23.9999999999992788	1159.85422281548381	0	0
24.5	24.4999999999992504	987.679131425917149	0	0
25	24.999999999999222	807.492342948913574	0	0
25.5	25.4999999999991935	619.293954279273748	0	0
26	25.9999999999991651	423.084068510681391	0	0
26.5	26.4999999999991367	218.862795431166887	0	0
27	26.9999999999991083	6.63025185465812683	0	0
27.5	27.4999999999990798	144575.298249721527	0	0
28	27.9999999999990514	294075.46885657683	0	0
28.5	28.499999999999023	443567.753933191299	0	0
29	28.9999999999989946	593052.352576006204	0	0
29.5	29.4999999999989662	742529.371226646006	0	0
30	29.9999999999989377	891998.914050359279	0	0
30.5	30.4999999999989093	1041461.08307378367	0	0
31	30.9999999999988809	1190915.97824316472	0	0
31.5	31.4999999999988525	1340363.69748066738	0	0
32	31.9999999999988241	1489804.33673881367	0	0
32.5	32.4999999999987992	1639237.99005309865	0	0
33	32.9999999999987708	1788664.74959271774	0	0
33.5	33.4999999999987423	1938084.70570983365	0	0
34	33.9999999999987139	2087497.94698709622	0	0
34.5	34.4999999999986855	2236904.56028363854	0	0
35	34.9999999999986571	2386304.63077960908	0	0
35.5	35.4999999999986287	2535698.24201930314	0	0
36	35.9999999999986002	2685085.47595272213	0	0
36.5	36.4999999999985718	2834466.41297610477	0	0
37	36.9999999999985434	2983841.13197100908	0	0
37.5	37.499999999998515	3133209.71034218371	0	0
38	37.9999999999984865	3282572.22405424714	0	0
38.5	38.4999999999984581	3431928.74766734615	0	0
39	38.9999999999984297	3581279.3543715477	0	0
39.5	39.4999999999984013	3730624.11602033302	0	0
40	39.9999999999983729	3879963.10316294432	0	0
40.5	40.4999999999983444	4029296.38507588953	0	0
41	40.999999999998316	4178624.02979336306	0	0
41.5	41.4999999999982876	4327946.10413692519	0	0
42	41.9999999999982592	4477262.67374407873	0	0
42.5	42.4999999999982307	4626573.80309626088	0	0
43	42.9999999999982023	4775879.55554577708	0	0
43.5	43.4999999999981739	4925179.99334211648	0	0
44	43.9999999999981455	5074475.1776574403	0	0
44.5	44.4999999999981171	5223765.16861133277	0	0
45	44.9999999999980886	5373050.02529485896	0	0
45.5	45.4999999999980602	5522329.80579395965	0	0
46	45.9999999999980318	5671604.56721212342	0	0
46.5	46.4999999999980034	5820874.36569247395	0	0
47	46.999999999997975	5970139.25643923879	0	0
47.5	47.4999999999979465	6119399.29373855889	0	0
48	47.9999999999979181	6268654.53097882122	0	0
48.5	48.4999999999978897	6417905.02067035809	0	0
49	48.9999999999978613	6567150.81446461007	0	0
49.5	49.4999999999978328	6716391.96317283809	0	0
50	49.9999999999978044	6865628.51678421348	0	0
50.5	50.499999999997776	7014860.52448354289	0	0
51	50.9999999999977476	7164088.03466846794	0	0
51.5	51.4999999999977192	7313311.09496613592	0	0
52	51.9999999999976907	7462529.75224953145	0	0
52.5	52.4999999999976623	7611744.05265335366	0	0
53	52.9999999999976339	7760954.04158947617	0	0
53.5	53.4999999999976055	7910159.76376195252	0	0
54	53.999999999997577	8059361.26318171993	0	0
54.5	54.4999999999975486	8208558.58318079263	0	0
55	54.9999999999975202	8357751.76642631367	0	0
55.5	55.4999999999974918	8506940.85493398458	0	0
56	55.9999999999974634	8656125.89008134231	0	0
56.5	56.4999999999974349	8805306.91262060031	0	0
57	56.9999999999974065	8954483.96269129217	0	0
57.5	57.4999999999973781	9103657.0798323825	0	0
58	57.9999999999973497	9252826.30299433321	0	0
58.5	58.4999999999973213	9401991.6705506295	0	0
59	58.9999999999972928	9551153.2203092128	0	0
59.5	59.4999999999972644	9700310.98952353746	0	0
60	59.999999999997236	9849465.01490334794	0	0
60.5	60.4999999999972076	9998615.33262529969	0	0
61	60.9999999999971791	10147761.9783431739	0	0
61.5	61.4999999999971507	10296904.9871979207	0	0
62	61.9999999999971223	10446044.3938274905	0	0
62.5	62.4999999999970939	10595180.2323764525	0	0
63	62.9999999999970655	10744312.5365052	0	0
63.5	63.499999999997037	10893441.3393992148	0	0
64	63.9999999999970086	11042566.6737778857	0	0
64.5	64.4999999999973994	11191688.5719032101	0	0
65	64.9999999999977973	11340807.0655883476	0	0
65.5	65.4999999999981952	11489922.1862059049	0	0
66	65.9999999999985931	11639033.9646959715	0	0
66.5	66.499999999998991	11788142.4315741472	0	0
67	66.9999999999993889	11937247.6169392169	0	0
67.5	67.4999999999997868	12086349.5504807569	0	0
68	68.0000000000001847	12235448.2614864856	0	0
68.5	68.5000000000005826	12384543.7788495161	0	0
69	69.0000000000009805	12533636.131075453	0	0
69.5	69.5000000000013785	12682725.346289251	0	0
70	70.0000000000017764	12831811.4522419833	0	0
70.5	70.5000000000021743	12980894.47631751	0	0
71	71.0000000000025722	13129974.4455387592	0	0
71.5	71.5000000000029701	13279051.3865743801	0	0
72	72.000000000003368	13428125.3257445469	0	0
72.5	72.5000000000037659	13577196.2890272215	0	0
73	73.0000000000041638	13726264.3020640314	0	0
73.5	73.5000000000045617	13875329.390166048	0	0
74	74.0000000000049596	14024391.5783195011	0	0
74.5	74.5000000000053575	14173450.891191192	0	0
75	75.0000000000057554	14322507.3531340919	0	0
75.5	75.5000000000061533	14471560.9881924726	0	0
76	76.0000000000065512	14620611.8201073073	0	0
76.5	76.5000000000069491	14769659.8723211363	0	0
77	77.000000000007347	14918705.1679832898	0	0
77.5	77.5000000000077449	15067747.7299545072	0	0
78	78.0000000000081428	15216787.5808120072	0	0
78.5	78.5000000000085407	15365824.7428538725	0	0
79	79.0000000000089386	15514859.2381038629	0	0
79.5	79.5000000000093365	15663891.0883157924	0	0
80	80.0000000000097344	15812920.3149778843	0	0
80.5	80.5000000000101323	15961946.9393172711	0	0
81	81.0000000000105302	16110970.9823040105	0	0
81.5	81.5000000000109281	16259992.4646553285	0	0
82	82.0000000000113261	16409011.4068396613	0	0
82.5	82.500000000011724	16558027.8290805444	0	0
83	83.0000000000121219	16707041.7513607219	0	0
83.5	83.5000000000125198	16856053.193425674	0	0
84	84.0000000000129177	17005062.1747875474	0	0
84.5	84.5000000000133156	17154068.7147288695	0	0
85	85.0000000000137135	17303072.8323059194	0	0
85.5	85.5000000000141114	17452074.5463524386	0	0
86	86.0000000000145093	17601073.8754831031	0	0
86.5	86.5000000000149072	17750070.8380967267	0	0
87	87.0000000000153051	17899065.4523798451	0	0
87.5	87.500000000015703	18048057.7363097332	0	0
88	88.0000000000161009	18197047.707657747	0	0
88.5	88.5000000000164988	18346035.3839924261	0	0
89	89.0000000000168967	18495020.7826825753	0	0
89.5	89.5000000000172946	18644003.9209002554	0	0
90	90.0000000000176925	18792984.8156238385	0	0
90.5	90.5000000000180904	18941963.4836407304	0	0
91	91.0000000000184883	19090939.9415504709	0	0
91.5	91.5000000000188862	19239914.2057672888	0	0
92	92.0000000000192841	19388886.2925230451	0	0
92.5	92.500000000019682	19537856.217869781	0	0
93	93.0000000000200799	19686823.9976825006	0	0
93.5	93.5000000000204778	19835789.6476616599	0	0
94	94.0000000000208757	19984753.1833357736	0	0
94.5	94.5000000000212736	20133714.6200638786	0	0
95	95.0000000000216716	20282673.9730380401	0	0
95.5	95.5000000000220695	20431631.2572857998	0	0
96	96.0000000000224674	20580586.4876723923	0	0
96.5	96.5000000000228653	20729539.6789033078	0	0
97	97.0000000000232632	20878490.8455262892	0	0
97.5	97.5000000000236611	21027440.0019338429	0	0
98	98.000000000024059	21176387.1623652801	0	0
98.5	98.5000000000244569	21325332.3409090303	0	0
99	99.0000000000248548	21474275.5515045486	0	0
99.5	99.5000000000252527	21623216.8079446405	0	0
100	100.000000000025651	21772156.1238774173	0	0
100.5	100.500000000026048	21921093.5128082819	0	0
101	101.000000000026446	22070028.9881018847	0	0
101.5	101.500000000026844	22218962.5629843026	0	0
102	102.000000000027242	22367894.2505445555	0	0
102.5	102.50000000002764	22516824.0637369342	0	0
103	103.000000000028038	22665752.0153824873	0	0
103.5	103.500000000028436	22814678.1181710735	0	0
104	104.000000000028834	22963602.3846630417	0	0
104.5	104.500000000029232	23112524.8272910342	0	0
105	105.00000000002963	23261445.4583616368	0	0
105.5	105.500000000030028	23410364.2900571004	0	0
106	106.000000000030425	23559281.3344372027	0	0
106.5	106.500000000030823	23708196.6034405679	0	0
107	107.000000000031221	23857110.1088865027	0	0
107.5	107.500000000031619	24006021.86247655	0	0
108	108.000000000032017	24154931.8757960424	0	0
108.5	108.500000000032415	24303840.1603155285	0	0
109	109.000000000032813	24452746.7273924276	0	0
109.5	109.500000000033211	24601651.5882725641	0	0
110	110.000000000033609	24750554.7540913261	0	0
110.5	110.500000000034007	24899456.235875465	0	0
111	111.000000000034404	25048356.0445443206	0	0
111.5	111.500000000034802	25197254.1909111515	0	0
112	112.0000000000352	25346150.6856846809	0	0
112.5	112.500000000035598	25495045.5394703671	0	0
113	113.000000000035996	25643938.7627716288	0	0
113.5	113.500000000036394	25792830.3659913428	0	0
114	114.000000000036792	25941720.3594329692	0	0
114.5	114.50000000003719	26090608.753301844	0	0
115	115.000000000037588	26239495.5577064864	0	0
115.5	115.500000000037986	26388380.7826597616	0	0
116	116.000000000038384	26537264.438080091	0	0
116.5	116.500000000038781	26686146.5337926671	0	0
117	117.000000000039179	26835027.0795306377	0	0
117.5	117.500000000039577	26983906.0849361569	0	0
118	118.000000000039975	27132783.5595615692	0	0
118.5	118.500000000040373	27281659.5128705949	0	0
119	119.000000000040771	27430533.9542392939	0	0
119.5	119.500000000041169	27579406.8929572403	0	0
120	120.000000000041567	27728278.3382285833	0	0
120.5	120.500000000041965	27877148.2991730161	0	0
121	121.000000000042363	28026016.7848268598	0	0
121.5	121.50000000004276	28174883.8041440956	0	0
122	122.000000000043158	28323749.3659973331	0	0
122.5	122.500000000043556	28472613.4791787863	0	0
123	123.000000000043954	28621476.152401261	0	0
123.5	123.500000000044352	28770337.3942991421	0	0
124	124.00000000004475	28919197.2134292163	0	0
124.5	124.500000000045148	29068055.6182717271	0	0
125	125.000000000045546	29216912.617231302	0	0
125.5	125.500000000045944	29365768.2186376788	0	0
126	126.000000000046342	29514622.430746749	0	0
126.5	126.50000000004674	29663475.2617414109	0	0
127	127.000000000047137	29812326.7197322957	0	0
127.5	127.500000000047535	29961176.8127588257	0	0
128	128.000000000047919	30110025.5487898812	0	0
128.5	128.500000000047464	30258872.935724739	0	0
129	129.00000000004701	30407718.9813937768	0	0
129.5	129.500000000046555	30556563.6935593709	0	0
130	130.0000000000461	30705407.0799165107	0	0
130.5	130.500000000045645	30854249.1480938457	0	0
131	131.000000000045191	31003089.9056541808	0	0
131.5	131.500000000044736	31151929.3600954674	0	0
132	132.000000000044281	31300767.5188512653	0	0
132.5	132.500000000043826	31449604.3892918229	0	0
133	133.000000000043372	31598439.9787244909	0	0
133.5	133.500000000042917	31747274.2943946086	0	0
134	134.000000000042462	31896107.3434861004	0	0
134.5	134.500000000042007	32044939.1331222877	0	0
135	135.000000000041553	32193769.6703664921	0	0
135.5	135.500000000041098	32342598.962222632	0	0
136	136.000000000040643	32491427.0156360753	0	0
136.5	136.500000000040188	32640253.8374941796	0	0
137	137.000000000039734	32789079.4346269146	0	0
137.5	137.500000000039279	32937903.8138074949	0	0
138	138.000000000038824	33086726.9817531258	0	0
138.5	138.500000000038369	33235548.9451254718	0	0
139	139.000000000037915	33384369.7105313912	0	0
139.5	139.50000000003746	33533189.2845234163	0	0
140	140.000000000037005	33682007.6736004576	0	0
140.5	140.50000000003655	33830824.8842082322	0	0
141	141.000000000036096	33979640.9227401614	0	0
141.5	141.500000000035641	34128455.7955375612	0	0
142	142.000000000035186	34277269.5088903606	0	0
142.5	142.500000000034731	34426082.0690377355	0	0
143	143.000000000034277	34574893.4821686	0	0
143.5	143.500000000033822	34723703.7544220984	0	0
144	144.000000000033367	34872512.891888082	0	0
144.5	144.500000000032912	35021320.9006079212	0	0
145	145.000000000032458	35170127.786574617	0	0
145.5	145.500000000032003	35318933.5557336211	0	0
146	146.000000000031548	35467738.2139832228	0	0
146.5	146.500000000031093	35616541.7671750858	0	0
147	147.000000000030639	35765344.2211146206	0	0
147.5	147.500000000030184	35914145.5815617144	0	0
148	148.000000000029729	36062945.8542308956	0	0
148.5	148.500000000029274	36211745.0447921157	0	0
149	149.00000000002882	36360543.1588709652	0	0
149.5	149.500000000028365	36509340.2020492479	0	0
150	150.00000000002791	36658136.179865472	0	0
150.5	150.500000000027455	36806931.0978152156	0	0
151	151.000000000027001	36955724.9613515735	0	0
151.5	151.500000000026546	37104517.7758857012	0	0
152	152.000000000026091	37253309.5467870981	0	0
152.5	152.500000000025636	37402100.2793840915	0	0
153	153.000000000025182	37550889.9789643288	0	0
153.5	153.500000000024727	37699678.6507750899	0	0
154	154.000000000024272	37848466.3000237495	0	0
154.5	154.500000000023817	37997252.9318781346	0	0
155	155.000000000023363	38146038.5514670014	0	0
155.5	155.500000000022908	38294823.1638803631	0	0
156	156.000000000022453	38443606.7741699219	0	0
156.5	156.500000000021998	38592389.3873493969	0	0
157	157.000000000021544	38741171.0083949864	0	0
157.5	157.500000000021089	38889951.6422456652	0	0
158	158.000000000020634	39038731.2938035429	0	0
158.5	158.500000000020179	39187509.9679343551	0	0
159	159.000000000019725	39336287.6694676876	0	0
159.5	159.50000000001927	39485064.4031974077	0	0
160	160.000000000018815	39633840.173881948	0	0
160.5	160.50000000001836	39782614.9862447828	0	0
161	161.000000000017906	39931388.8449745923	0	0
161.5	161.500000000017451	40080161.754725799	0	0
162	162.000000000016996	40228933.7201187015	0	0
162.5	162.500000000016541	40377704.7457400262	0	0
163	163.000000000016087	40526474.8361430317	0	0
163.5	163.500000000015632	40675243.995847933	0	0
164	164.000000000015177	40824012.2293422669	0	0
164.5	164.500000000014722	40972779.5410811752	0	0
165	165.000000000014268	41121545.9354876876	0	0
165.5	165.500000000013813	41270311.4169529974	0	0
166	166.000000000013358	41419075.9898368716	0	0
166.5	166.500000000012903	41567839.6584678665	0	0
167	167.000000000012449	41716602.4271436632	0	0
167.5	167.500000000011994	41865364.3001313508	0	0
168	168.000000000011539	42014125.2816677243	0	0
168.5	168.500000000011084	42162885.3759595156	0	0
169	169.00000000001063	42311644.5871837884	0	0
169.5	169.500000000010175	42460402.9194880873	0	0
170	170.00000000000972	42609160.3769908324	0	0
170.5	170.500000000009265	42757916.9637814909	0	0
171	171.000000000008811	42906672.6839209497	0	0
171.5	171.500000000008356	43055427.541441679	0	0
172	172.000000000007901	43204181.5403480902	0	0
172.5	172.500000000007446	43352934.6846166849	0	0
173	173.000000000006992	43501686.9781964421	0	0
173.5	173.500000000006537	43650438.4250089899	0	0
174	174.000000000006082	43799189.0289488956	0	0
174.5	174.500000000005627	43947938.7938838601	0	0
175	175.000000000005173	44096687.723654978	0	0
175.5	175.500000000004718	44245435.8220771104	0	0
176	176.000000000004263	44394183.0929388851	0	0
176.5	176.500000000003809	44542929.5400032103	0	0
177	177.000000000003354	44691675.1670071855	0	0
177.5	177.500000000002899	44840419.9776627123	0	0
178	178.000000000002444	44989163.9756563455	0	0
178.5	178.50000000000199	45137907.164649874	0	0
179	179.000000000001535	45286649.5482802466	0	0
179.5	179.50000000000108	45435391.1301599666	0	0
180	180.000000000000625	45584131.9138772935	0	0
180.5	180.500000000000171	45732871.9029963166	0	0
181	180.999999999999716	45881611.1010574177	0	0
181.5	181.499999999999261	46030349.5115772784	0	0
182	181.999999999998806	46179087.1380492151	0	0
182.5	182.499999999998352	46327823.983943224	0	0
183	182.999999999997897	46476560.0527064055	0	0
183.5	183.499999999997442	46625295.347763069	0	0
184	183.999999999996987	46774029.8725149184	0	0
184.5	184.499999999996533	46922763.630341053	0	0
185	184.999999999996078	47071496.6245986819	0	0
185.5	185.499999999995623	47220228.8586227968	0	0
186	185.999999999995168	47368960.3357266039	0	0
186.5	186.499999999994714	47517691.0592017323	0	0
187	186.999999999994259	47666421.0323182568	0	0
187.5	187.499999999993804	47815150.2583250552	0	0
188	187.999999999993349	47963878.7404500321	0	0
188.5	188.499999999992895	48112606.4819000363	0	0
